84	61	66	71	67	74	69	86	74	70	52	76	74	75	61	57
60	79	80	72	71	68	62	59	67	72	73	59	64	75	66	85
70	61	68	64	82	76	69	86	74	68	82	72	70	72	77	73
66	78	66	64	66	66	72	71	66	62	59	60	81	64	70	68
59	75	81	81	66	75	70	59	70	74	79	76	59	62	52	63
55	75	77	59	72	77	76	70	64	70	60	56	67	78	73	77
62	64	59	63	84	52	67	57	69	67	65	73	84	71	70	68
78	59	67	75	56	65	77	85	68	84	65	81	60	60	88	61
83	73	73	78	85	69	61	83	67	68	73	69	84	64	76	62
73	71	65	79	70	77	77	69	78	77	67	78	58	72	57	59
62	70	57	66	55	65	68	65	83	65	66	65	70	79	73	84
70	59	66	60	68	68	79	82	66	65	58	59	74	66	68	81
74	77	57	71	66	78	63	73	85	77	80	54	64	71	52	72
